605
434
761
304
053
166
217
544
310
331
754
560
666
313
341
646
761
361
635
411
313
121
620
644
201
044
775
070
356
574
600
531
523
646
164
754
467
554
400
440
436
051
242
541
452
105
053
230
341
150
217
510
463
271
703
116
636
320
006
232
752
267
645
525
236
277
041
433
066
015
501
126
755
471
106
124
737
417
573
406
554
316
414
010
321
121
333
511
534
615
770
451
757
310
423
605
343
765
315
764
643
514
245
366
630
666
007
023
500
006
641
540
572
456
650
764
270
207
473
107
364
717
713
225
600
123
074
327
012
724
244
157
135
025
072
715
312
473
466
576
724
102
022
365
154
474
757
613
452
457
712
416
463
311
177
045
441
457
525
455
660
767
012
632
043
043
056
670
343
143
210
033
533
025
274
035
321
201
017
544
515
765
641
533
722
505
014
063
372
553
474
731
713
356
016
147
741
620
126
553
243
256
434
630
107
305
053
350
723
207
720
563
304
733
556
122
641
337
732
677
727
172
435
173
601
663
013
657
066
017
214
365
155
112
142
374
146
331
161
404
513
106
437
551
161
063
732
200
040
461
526
025
146
635
740
675
476
641
006
224
413
457
052
431
170
411
256
714
005
774
354
717
405
661
575
532
356
257
042
555
473
672
231
173
701
313
246
000
747
472
465
630
717
357
074
460
632
317
377
170
